BHH/includes/Sample_DEM.asc
ncols         601
nrows         601
xllcorner     108.7495833333
yllcorner     12.4995833333
cellsize      0.00083333333333333
nodata_value  -9999
[rows 330 to 359 of 601, columns 408 to 475 of 601]
1121.964 1168.959 1212.965 1267.961 1311.968 1359.968 1413.963 1451.968 1471.974 1489.975 1513.973 1517.984 1521.989 1531.988 1527.999 1525.005 1513.012 1490.014 1460.018 1438.015 1419.014 1408.013 1415.004 1411.009 1409.01 1402.013 1387.016 1366.019 1340.022 1308.025 1271.027 1240.024 1221.018 1225.005 1212.014 1186.021 1170.017 1159.013 1140.012 1101.022 1072.023 1067.012 1052.011 1020.016 977.017 944.01 925.998 922.99 895.003 857.008 813.012 774.01 729.011 688.006 652.003 621 580.005 533.012 476.019 431.019 409.021 424.006 424.011 417.016 406.015 376.022 343.022 318.018
1042.968 1091.963 1152.959 1211.961 1262.967 1316.962 1360.965 1391.97 1403.979 1423.976 1450.973 1464.983 1486.981 1502.983 1518.985 1539.985 1538.003 1506.018 1480.015 1458.015 1440.015 1440.008 1441.008 1439.009 1442.008 1440.01 1424.018 1405.019 1381.02 1350.02 1313.023 1279.023 1259.017 1251.012 1242.012 1221.02 1208.012 1191.009 1156.019 1121.024 1110.015 1106.006 1071.012 1026.014 971.02 927.015 890.01 878.995 857.997 823.003 787.004 748.003 695.012 641.014 603.006 571.001 532.007 500.008 455.021 428.024 452.001 470.998 466.006 466.006 445.021 411.028 372.03 347.021
981.975 1030.969 1096.958 1161.958 1221.959 1260.969 1300.968 1327.974 1344.978 1365.978 1393.979 1422.978 1450.976 1465.982 1486.983 1517.983 1545.986 1523.013 1495.019 1477.017 1467.01 1472.002 1472.005 1469.008 1476.002 1477.004 1466.01 1445.016 1418.018 1376.025 1339.024 1309.022 1290.016 1282.012 1272.012 1263.011 1234.017 1198.02 1169.021 1153.016 1147.005 1122.008 1060.023 1006.021 954.019 911.013 866.015 842.003 811.005 777.003 743.001 695.009 653.007 606.013 562.013 520.022 495.021 478.018 462.019 475.004 494 495.004 479.014 489.004 490.009 460.022 420.026 386.023
942.982 995.97 1047.973 1110.967 1166.967 1205.973 1244.972 1274.974 1287.984 1314.98 1359.973 1386.979 1406.98 1421.982 1455.976 1505.968 1539.975 1535.996 1522.006 1511.008 1490.014 1488.003 1492.997 1493.998 1494.995 1493.994 1485.997 1470.005 1442.014 1400.023 1368.02 1344.015 1321.017 1315.01 1302.01 1292.006 1251.023 1216.023 1201.014 1187.01 1157.013 1111.018 1045.029 996.022 939.026 890.021 847.015 814.011 780.011 730.023 690.021 651.016 611.016 576.014 539.019 535.012 535.012 517.018 509.012 511.005 524.996 513.011 504.016 520.003 526.003 495.019 454.025 418.025
929.984 970.988 1030.975 1089.972 1134.974 1168.979 1202.978 1226.979 1246.983 1284.979 1332.972 1352.98 1362.984 1377.985 1420.971 1465.968 1501.97 1512.985 1522.99 1522.002 1507.014 1496.01 1490.009 1487.007 1479.007 1471.002 1462.999 1461.993 1448.001 1418.012 1392.013 1362.014 1348.009 1345.008 1319.018 1299.012 1269.02 1247.017 1230.01 1201.013 1158.018 1104.023 1044.027 998.02 942.024 890.02 833.027 801.023 767.025 736.024 705.022 649.033 605.027 571.018 549.015 572.997 580.006 556.022 543.016 532.016 533.01 537.01 549.008 559.01 548.012 515.024 481.028 455.025
936.983 992.979 1036.985 1080.983 1109.988 1144.981 1173.979 1187.985 1216.981 1269.969 1304.974 1309.987 1318.988 1345.982 1382.978 1418.975 1445.979 1472.98 1500.98 1528.985 1534.001 1518.011 1514.007 1508.01 1492.012 1465.016 1446.014 1435.006 1428.999 1413.004 1398.005 1367.016 1359.008 1368.999 1343.016 1312.02 1296.012 1274.012 1242.016 1204.018 1156.023 1103.025 1046.028 996.024 939.027 880.031 843.027 834.016 807.02 778.017 736.021 680.029 634.021 585.022 569.009 600.993 615.004 601.02 583.022 575.018 572.016 580.01 599.005 613.005 576.029 551.024 531.022 508.024
949.987 1007.977 1054.983 1089.987 1113.985 1130.981 1143.982 1153.989 1192.975 1239.968 1264.977 1267.99 1288.985 1320.979 1359.972 1383.979 1410.98 1439.979 1472.978 1516.971 1547.979 1534.003 1532.993 1536.992 1511.014 1481.019 1466.009 1439.016 1416.015 1402.012 1392.007 1376.01 1375.998 1381.992 1360.006 1336.008 1316.006 1285.013 1249.016 1209.021 1165.024 1109.025 1057.023 1004.025 948.029 900.028 885.013 878.999 837.013 795.013 747.016 697.02 639.023 589.023 577.012 626.982 654.998 654.015 637.025 630.02 629.015 631.012 651.003 655.008 624.024 600.022 582.02 563.02
966.978 1015.976 1067.971 1098.973 1095.985 1086.988 1097.984 1129.977 1163.976 1193.978 1219.979 1235.986 1264.98 1293.977 1318.978 1341.98 1377.974 1405.976 1442.973 1478.973 1520.971 1522.996 1503.001 1512.982 1521.99 1502.013 1477.015 1454.014 1434.013 1424.009 1402.016 1388.011 1370.01 1362.998 1346.998 1325 1303.999 1282 1250.009 1221.01 1183.013 1111.033 1060.024 1010.023 964.023 926.02 909 867.007 817.01 773.007 729.009 689.009 632.021 594.022 604.006 641.994 692.987 711.004 703.018 695.018 686.015 682.015 697.004 694.006 663.02 646.014 627.015 606.018
963.977 1004.976 1042.971 1047.981 1033.989 1025.995 1055.981 1096.972 1127.979 1160.979 1184.98 1207.982 1236.977 1252.982 1274.981 1304.978 1337.974 1360.979 1401.97 1436.973 1478.97 1512.973 1474.007 1461.993 1498.964 1518.981 1493.006 1468.006 1449.001 1441.001 1426.007 1406.01 1379.014 1344.016 1314.006 1288.999 1265.997 1244.997 1229.993 1210.997 1171.009 1117.019 1067.019 1015.023 977.017 939.007 882.011 825.013 772.012 727.011 691.008 656.014 618.025 613.015 643.001 681.997 726.992 756.999 759.01 749.012 730.02 731.011 736.002 713.012 686.016 671.009 651.012 639.01
953.964 980.974 994.979 983.989 968.996 993.986 1032.975 1059.98 1099.975 1136.973 1147.984 1178.977 1196.983 1209.989 1239.98 1268.977 1294.976 1317.979 1355.974 1390.974 1435.968 1464.971 1434.001 1414.99 1423.972 1479.955 1471.991 1449.999 1421 1429.985 1428.995 1411.006 1387.009 1347.016 1287.022 1242.011 1216 1197.997 1179.993 1166.989 1138.998 1100.004 1057.005 1018.006 977.003 904.018 830.025 781.015 728.02 696.015 662.024 651.019 649.015 661.008 695.999 736.995 772.997 802.996 800.004 778.013 774.008 775.003 752.012 722.015 701.008 682.008 663.012 656.01
891.974 924.969 937.979 921.995 929.993 980.973 1003.981 1029.982 1071.971 1095.975 1105.984 1140.974 1160.983 1188.982 1211.98 1229.98 1246.981 1276.978 1317.973 1350.975 1389.968 1401.98 1387.991 1343.009 1332.984 1400.951 1423.978 1407.992 1371.001 1385.981 1406.981 1403.994 1383.005 1341.015 1273.028 1209.024 1171.006 1157.991 1124.997 1102.992 1083.991 1049.998 1006.005 974.997 921.009 853.019 802.014 758.017 715.024 701.021 699.018 707.011 704.015 713.009 749.995 784.997 820.992 835.996 811.013 791.012 798.998 788.006 760.016 730.018 698.019 682.013 677.012 683.01
830.982 859.974 877.978 874.996 914.98 960.973 970.988 1003.976 1031.975 1039.984 1062.981 1098.976 1130.981 1164.976 1173.987 1184.987 1202.984 1242.974 1282.972 1309.976 1333.976 1344.981 1331.99 1303.999 1257.007 1325.941 1376.953 1349.996 1312.002 1339.973 1369.974 1376.984 1365.997 1327.012 1268.018 1193.026 1131.021 1101.003 1060.009 1036.997 1016.994 986.999 950.006 913.004 865.012 812.02 769.023 748.017 734.019 758.002 763.01 761.014 758.014 763.013 793.002 831.997 851.003 845.012 818.023 804.015 804.005 792.012 774.015 747.021 719.023 705.017 714.008 731.005
783.984 807.981 823.986 852.984 903.971 935.977 941.99 968.978 983.985 992.99 1026.98 1067.976 1109.973 1130.982 1139.992 1151.991 1172.984 1210.974 1242.974 1264.979 1282.979 1290.978 1272.99 1251.996 1205.008 1213.985 1281.95 1288.976 1258 1283.978 1321.969 1326.98 1334.982 1307.004 1240.027 1169.034 1108.033 1063.026 1027.024 988.026 961.014 935.009 910.007 868.019 829.025 799.027 784.024 778.02 783.017 804.007 810.012 811.013 808.017 820.011 849.002 883.998 896.006 880.017 860.017 839.017 825.016 817.013 803.013 781.019 761.02 745.018 759.004 780.001
749.985 776.984 797.988 841.977 879.976 900.983 913.989 930.987 949.989 968.993 1006.983 1045.98 1077.979 1096.989 1122.985 1136.99 1144.992 1172.982 1198.982 1222.981 1231.984 1220.989 1202.993 1199.987 1158.008 1169.977 1205.965 1207.98 1205.988 1241.971 1266.973 1257.987 1279.977 1276.996 1232.023 1179.035 1134.036 1087.038 1058.028 1022.027 969.034 926.031 896.026 871.024 858.019 851.017 851.017 846.022 858.014 864.015 866.012 862.016 869.012 881.012 906.006 934.001 940.006 917.018 892.018 869.019 862.012 854.007 829.016 817.014 803.018 786.019 797.003 819
730.997 758.991 788.988 827.982 852.989 869.993 891.99 910.992 938.99 973.987 1006.986 1034.984 1048.992 1084.981 1109.984 1120.991 1126.996 1150.987 1174.985 1189.987 1184.992 1160.998 1147.991 1143.987 1117.999 1102.99 1130.971 1134.983 1157.976 1192.967 1204.974 1192.989 1227.973 1257.976 1245.002 1225.014 1198.022 1154.031 1117.026 1066.034 1009.042 972.034 947.027 921.027 908.02 906.019 916.014 923.015 931.011 930.009 916.012 915.004 927.001 944.999 968.993 984.994 973.004 948.009 918.012 905.006 895.004 867.015 850.013 852.003 847.01 832.017 828.013 854.996
758.989 772.001 794.999 825.994 852.996 870.998 891.993 913.992 945.986 983.982 1008.985 1020.991 1040.99 1070.983 1089.986 1105.988 1120.99 1140.989 1157.99 1163.993 1146.001 1112.005 1090.997 1088.989 1070.996 1038.001 1064.97 1076.98 1104.973 1123.974 1125.982 1129.986 1182.964 1214.974 1230.983 1243.989 1237.003 1198.022 1153.028 1110.033 1073.032 1041.029 1008.03 982.026 964.024 974.008 986.004 991.002 985.001 963.005 937.007 929.001 948.988 971.983 983.984 986.988 969.997 940.004 915.002 906.995 893.001 878.008 873.005 865.005 874.999 872.008 872.005 884.999
770.993 795.99 827.986 854.987 880.989 892.998 901.003 920.996 946.992 976.984 992.983 1006.986 1034.979 1054.983 1066.991 1084.992 1105.99 1131.988 1148.992 1146.998 1121.008 1076.016 1045.006 1041.99 1023.997 986.006 995.982 1020.976 1046.975 1056.981 1058.986 1084.979 1131.969 1169.971 1192.979 1223.976 1237.987 1217.003 1185.011 1164.011 1135.02 1100.028 1068.028 1039.025 1025.014 1022 1019.993 1006.996 977.005 947.007 919.008 919.996 937.987 945.986 942.987 944.984 928.994 904.001 882 873.996 873.995 882.987 882.991 870 887.984 896.987 891.997 900.996
786.99 800.996 825.988 849.989 881.986 903.993 925.992 939.994 958.985 963.986 955.994 974.982 1001.976 1024.977 1051.98 1082.978 1100.985 1129.981 1146.984 1134.997 1109.007 1064.016 1018.017 998.999 981.995 946.005 941.987 970.975 993.977 1000.984 1008.988 1048.975 1092.97 1123.972 1148.977 1183.973 1210.977 1192.996 1173.997 1170.991 1161.994 1147.003 1121.013 1086.019 1054.015 1017.015 989.008 970.002 947.004 922.006 901.005 907.993 917.99 903.998 887.995 887.986 879.992 864.998 844.002 845.992 852.988 847.991 846.99 849.988 857.987 861.993 872.994 899.987
788.982 809.99 821.999 847.993 882.987 913.986 933.987 941.988 931.992 917.993 918.989 937.982 953.98 976.979 1018.971 1050.977 1072.985 1105.981 1115.99 1104.996 1090.995 1049.011 1006.013 964.009 935.003 907 887 922.975 942.978 949.986 975.977 1018.968 1051.972 1067.984 1100.982 1139.981 1168.98 1147.999 1129.996 1132.987 1122.994 1131.986 1126.995 1099.007 1056.014 1011.015 972.013 945.007 924.004 904.003 886.005 893.992 895.993 874.006 842.012 834.997 837.987 833.991 814.999 816.989 819.988 804.997 807.988 809.993 819.991 841.988 868.987 896.985
770.984 807.983 837.986 862.988 889.985 911.98 915.986 908.989 885.998 867.997 877.988 900.98 904.99 933.982 979.976 1017.982 1053.986 1086.983 1095.987 1073.001 1049.999 1021.003 985.009 929.021 900.003 862.004 851.997 886.975 893.986 907.984 932.978 967.975 1000.979 1032.987 1085.979 1130.975 1140.985 1110.004 1086 1088.987 1084.993 1093.987 1097.991 1078.001 1039.011 994.015 955.014 927.01 905.007 883.007 876.999 876.998 870.996 860.996 835.006 811.006 792 793.989 778.998 777.991 779.994 769 766.993 785.984 803.982 833.978 862.981 887.983
765.978 804.976 835.977 857.978 877.979 870.992 869.989 856.993 838.995 827.993 846.982 862.985 872.994 911.984 962.978 1013.978 1061.975 1076.985 1062.997 1037.002 1009.002 986.001 961.006 916.014 862.014 813.011 824.984 850.979 852.989 868.987 890.989 930.984 975.985 1034.976 1091.971 1109.985 1101.992 1072.003 1047 1045.989 1049.986 1058.986 1068.988 1049.007 1015.015 978.018 944.017 920.014 894.016 873.01 864.998 868.991 847.007 828.004 812.999 792.999 760.008 754.995 747.995 741.995 759.983 748.995 736.995 755.979 763.989 799.976 837.976 863.977
751.973 777.979 800.981 810.989 829.984 829.989 825.989 808.993 789.997 783.998 809.988 832.994 866.99 915.982 962.981 1014.973 1045.978 1042.991 1027.996 1001.002 971.003 950.998 941.995 895.017 827.029 773.019 781.982 813.971 815.993 843.989 884.986 936.979 991.975 1040.974 1076.977 1081.988 1058.999 1033.999 1005.004 1000.994 1003.991 1021.984 1039.986 1043.995 1017.011 984.014 954.013 935.011 910.012 877.015 844.014 842.995 835.999 812.009 785.01 756.011 735.01 729.002 718 712.994 723.982 709.995 697.996 707.987 733.983 769.978 807.971 818.982
706.982 741.978 767.982 783.989 798.986 788.993 777.991 754 747.999 767.993 806.985 848.985 886.987 929.982 969.98 999.979 1012.985 1001.994 988.996 962.006 933.005 910.998 906.992 880.007 825.022 755.028 728.003 756.976 791.979 847.972 897.975 944.977 986.978 1021.981 1049.98 1045.992 1017.002 988 971.998 970.993 975.994 991.991 1016.988 1031.991 1014.003 983.01 954.011 945.001 913.013 878.015 844.015 822.011 822.003 805.015 777.022 751.021 740.014 726.011 701.013 681.007 672.997 667.993 662.996 674.993 711.979 744.976 761.98 768.988
667.985 715.971 742.982 766.982 770.989 746.002 726.998 713 732.99 772.983 813.983 862.978 901.982 930.984 961.976 967.985 976.984 960.998 952.996 940.997 905.009 867.01 870.989 859.998 819.01 747.026 693.014 713.985 770.971 833.969 886.973 934.978 972.981 1005.979 1019.984 1006.995 977.003 939.008 935.993 941.993 962.988 983.99 1012.983 1023.989 997.011 971.014 947.012 934.009 911.013 876.019 846.021 828.019 832.005 834.002 813.013 789.016 775.009 743.014 708.014 673.016 647.013 634.006 640.992 669.98 694.978 707.983 714.989 735.985
648.977 683.976 718.972 737.978 735.99 713.001 688.001 690.994 727.983 773.98 816.981 860.979 898.978 918.981 920.986 919.988 929.982 925.993 923.992 910.994 878.005 840.011 836.995 833.991 789.01 726.017 656.024 692.983 754.973 818.969 870.976 930.968 962.98 981.983 980.991 967.997 939.003 907.005 905.994 924.984 952.98 981.978 997.982 1001.988 994.995 981.998 954.012 947.003 922.012 892.016 877.011 871.005 857.006 844.001 827.005 809.004 786.006 743.019 702.025 676.022 654.019 635.016 623.008 642.98 652.981 663.981 682.98 713.975
618.982 651.977 671.978 684.979 694.982 677.997 649.006 673.985 724.974 772.974 814.977 853.976 877.98 880.988 868.993 870.986 878.985 891.983 890.989 866.998 843 819.005 811.995 794.992 751.006 686.016 632.019 689.972 755.967 808.971 863.969 907.975 938.98 949.984 945.989 933.994 904.004 874.005 879.99 896.986 923.98 945.984 953.988 960.986 965.986 953.992 954.987 946.992 928 904.004 893.995 881.993 855.999 828.002 816 793.007 769.011 744.015 728.015 715.013 691.019 666.019 635.019 601.013 595.993 610.98 638.974 669.973
597.983 618.988 620.992 624.987 642.978 638.989 622.002 659.982 709.977 752.978 796.974 828.976 842.983 838.989 822.995 818.992 835.982 849.981 848.984 820.997 801.996 797.992 782.993 736.005 701 638.016 615.003 678.965 738.968 784.975 835.974 884.973 912.979 906.994 898.99 890.99 869.998 843.003 850.989 869.983 893.979 919.978 920.988 918.988 919.979 901.989 906.977 902.983 894.99 878.994 858.995 834.996 808.997 788.996 794.984 782.993 770.997 759.997 757.991 744.998 722.01 698.012 657.022 596.029 562.01 558.991 585.976 617.973
585.977 608.984 593.001 581.995 586.986 589.993 600.998 654.978 704.975 739.977 768.977 789.98 800.986 791.995 776.997 779.987 793.981 801.981 784.992 760.997 755.991 758.987 731 677.011 641.002 593.01 586.997 652.968 715.969 765.975 822.97 864.971 878.982 872.992 846.003 837.99 828.99 809.998 823.982 835.985 854.983 878.981 877.99 868.991 841.997 830.986 828.982 829.983 844.978 827.991 804.994 777.999 755.995 741.991 742.985 735.987 737.982 731.985 720.987 716.986 719.985 704.996 673.005 604.024 543.024 519.002 538.981 568.976
564.988 587.981 569.003 543.005 541.996 567.987 611.979 659.974 690.977 708.98 728.977 748.979 764.982 756.993 739.997 735.989 742.979 741.987 725.994 708.995 711.986 713.987 686.003 628.017 590.007 551.011 566.992 640.964 701.969 751.971 803.964 825.976 832.982 831.984 811.996 787.996 775.991 768.99 777.986 796.985 819.983 845.98 839.988 817.994 784.995 759.991 757.984 767.982 785.977 763.993 744.995 727.994 701 684.993 685.984 673.99 670.984 663.986 653.986 654.981 668.975 663.987 637.001 582.015 533.014 488.011 497.985 525.974
533.998 554.981 548.994 520.006 525.994 562.978 603.974 641.97 653.98 663.982 674.982 700.975 720.974 717.983 701.989 688.99 675.992 688.983 676.995 659.996 663.987 667.983 651.995 597.016 555.011 528.006 561.982 626.968 685.97 725.973 750.974 770.979 775.983 767.987 762.989 733.003 722.991 720.992 739.986 771.984 794.986 811.977 783.996 756.995 709.003 682.995 692.98 716.976 726.981 698.998 692.988 675.995 655.996 632.995 625.989 614.99 605.985 596.985 582.987 584.981 594.979 603.982 594.993 549.011 505.007 456.012 457.99 474.98
