BHH/includes/Sample_DEM.asc
ncols         601
nrows         601
xllcorner     108.7495833333
yllcorner     12.4995833333
cellsize      0.00083333333333333
nodata_value  -9999
[rows 450 to 479 of 601, columns 272 to 339 of 601]
973.997 968.004 966.998 963.001 972.994 988.991 996.994 980.006 981.996 988.994 1000.994 1019.991 1044.987 1055.995 1044.012 1014.022 975.03 944.03 920.022 892.022 867.021 853.014 818.024 769.031 736.03 727.02 720.02 707.023 708.013 701.016 687.014 649.022 608.024 578.025 568.018 560.015 551.014 540.016 535.013 533.009 528.007 503.009 469.011 432.012 397.008 350.013 307.01 244.021 198.017 170.01 154.005 142.004 136.001 129.004 117.007 113 128.984 145.982 163.981 148.998 128.002 122.997 117.997 110.001 120.991 126.993 131.993 128.997
971.989 974.996 959.007 960.001 964.997 981.989 988.992 973.004 969.001 978.996 996.993 1018.99 1037.991 1054.991 1068.994 1049.018 1026.022 1006.019 966.033 928.03 905.019 882.018 852.022 805.034 797.02 788.024 786.019 772.02 760.015 749.011 719.017 671.026 630.027 624.014 620.013 604.017 591.016 581.011 575.997 562.998 545.002 494.016 455.005 417.002 368.008 320.009 275.01 221.019 186.013 163.008 148.005 137.003 131.001 133.998 122.006 105.011 93.007 106.987 119.984 117.991 100.002 104.992 97.997 100.994 104.995 108.996 113.995 113.998
952.977 965.985 959.001 963.998 962.002 968.995 969.997 962.007 966.003 979.994 999.99 1016.992 1033.991 1048.989 1069.985 1082.99 1073.005 1047.016 1024.017 979.028 939.025 913.017 886.019 855.024 860.012 864.013 857.016 825.028 799.021 774.017 735.022 689.026 665.023 668.009 665.008 641.009 630 605.008 557.013 534.997 522.994 470.01 411.013 360.014 315.011 273.011 237.009 204.009 178.007 154.008 144.003 130.006 124.002 130.995 125.001 120.002 101.012 82.011 81.999 81.999 78 82.994 76 81.994 93.995 99.997 103.001 107.999
912.981 928.982 951.981 962.991 966 960.007 962.004 973.999 986 979.009 996.991 1015.987 1026.985 1029.988 1048.98 1066.981 1074.985 1064.994 1049.999 1011.013 969.015 936.011 912.01 895.007 915.984 918.992 906.004 878.018 834.027 797.022 754.022 710.026 713.001 708.998 689.999 637.011 610.998 591.995 526.021 486.008 478.988 420.017 364.02 329.011 281.014 246.01 212.012 183.012 162.008 144.007 138.999 130.003 122.003 124.995 119 119.997 115.001 91.012 79.006 77.002 73.002 68.003 65.002 69.998 92.987 96.995 110.992 112.997
865.99 885.989 918.983 947.986 970.992 978.001 982.005 989.002 1005.992 1003.004 993.011 997 989.001 988.993 1005.983 1025.98 1032.983 1023.989 1021.989 995.003 956.009 924.005 908.994 893.995 888.989 893.984 899.984 898.991 863.011 819.019 767.024 738.008 719.996 695.996 654.007 590.02 559.004 542.992 495.012 450.012 423.001 385.012 349.007 311.007 256.019 225.01 202.006 179.007 157.007 140.004 127.003 126.997 119.004 110.006 108.001 111.996 110.996 96.005 83.006 80.002 75.002 71.002 66.002 68.997 81.99 83.994 103.983 102.993
847.99 877.987 909.985 941.984 977.978 994.985 1005.989 1009.991 1001.999 1012.994 1017.002 1005.01 978.02 963.009 967.994 982.984 980.988 967.989 974.982 959.996 927.006 888.009 861.999 848.993 837.991 841.984 849.981 862.979 844.993 817.001 773.014 721.02 674.011 639.001 610.004 558.023 523.008 484.003 460.996 420.008 382.006 366.991 315.012 275.01 236.012 210.007 185.007 168.003 148.006 127.007 117.002 115.997 121.995 117.001 107.005 102.003 95.003 90.003 85.002 81.002 75.003 73.001 67.002 62.002 63.998 65.997 70.994 74.994
852.983 876.984 904.98 932.978 954.976 965.983 981.982 982.99 982.995 1006.985 1030.982 1024 1010.007 972.021 952.009 946.993 930.994 905.997 916.984 919.988 896.006 856.016 816.013 799.997 786.993 785.985 791.984 803.983 786.997 774.992 753 711.007 637.024 586.013 575.989 557.995 494.021 429.021 408.996 384 343.009 306.007 276.004 246.007 215.01 193.005 171.005 151.005 138.002 119.004 107.002 103.999 110.995 112.998 111 104.003 95.004 93 86.003 83.001 76.002 72.002 66.003 62.002 59.002 57.001 58 57
830.986 853.985 876.981 894.981 900.986 920.979 938.98 944.988 964.982 987.979 1003.98 1010.987 1012.991 988.001 952.002 912.006 880 853.998 872.979 879.984 879.987 852.004 801.02 763.014 739.002 725.993 739.983 758.982 747.994 724.997 714.992 668.009 604.02 551.012 518.997 508.987 469.008 400.025 361.006 342.997 308.006 270.012 243.004 223.003 201.007 175.008 153.008 137.004 123.003 104.007 96.002 96.999 101.998 109.995 108 103.002 94.003 88.002 84.002 80.001 73.004 72 68.001 64.001 60.002 58 57.999 55.001
810.979 835.982 843.989 850.988 856.989 874.981 892.981 909.981 927.98 946.979 954.986 970.985 980.985 950.997 901.008 870.002 827.008 801.999 825.975 829.983 828.984 820.987 793 752.008 705.013 678.003 697.981 721.978 706.994 676.001 665.99 624.011 574.014 508.024 455.013 441.99 430.989 381.011 320.022 301 274.005 252.002 214.011 201 190 164.007 147.003 124.009 111.004 99.004 92.002 93.998 100.996 105.997 105.999 102 91.004 86.001 83.999 79.001 75.001 72.001 66.003 62.002 61 56.002 55 53
784.986 807.981 813.99 816.992 824.988 833.988 848.986 864.982 882.98 896.981 915.98 939.978 941.984 889.013 848.007 825.999 785.011 757 770.975 771.982 765.984 758.984 747.989 716.005 678.009 646.007 657.983 675.977 657.995 627.003 612.991 595.998 544.015 488.015 416.025 382.005 369.993 338.003 301.008 268.01 247.006 224.007 192.012 180.002 170 148.006 130.005 120 104.005 95.003 88.003 89 96.997 103.996 102 97.002 88.005 81.005 77.003 75.002 71.001 69.001 67.001 62.003 59.001 56.002 54.001 51.002
763.004 774.993 786.989 792.991 793.995 802.991 818.986 822.99 834.982 847.98 871.972 894.972 882.991 849.005 806.012 783.997 758.999 710.011 698.99 702.982 692.989 686.986 686.986 679.99 650.005 620.006 611.991 617.981 607.99 585 556 558.983 516.007 451.022 393.018 346.015 325 295.004 271.005 250.005 235.002 211.009 185.011 168.005 153.005 133.008 118.005 105.005 98.001 91.002 88.001 91.997 96.997 100.997 98.001 95.999 92.001 89.999 83.003 78.003 69.005 68 66.001 64 59.002 58 55.001 54
772 768.003 765.001 769.993 776.992 783.991 792.99 791.997 787.997 794.985 805.982 825.977 826.984 811.992 780.003 735.01 712.997 669.007 642.998 640.987 633.989 623.99 631.982 631.986 617.993 592.001 565 555.99 551.988 546.989 507.002 499.983 470.997 427.007 367.019 324.014 289.009 261.006 250 233.003 218.001 205.001 182.007 158.008 146.002 129.005 112.006 102.003 91.004 87 86 88.998 93.996 96.996 95.998 89.002 88.998 84.002 83 82.998 72.004 65.003 64.999 62.002 60.001 58 55.001 54
773.987 771 762.002 750 757.988 761.991 770.99 778.993 768.003 750.005 754.988 769.981 768.986 756.99 739.995 700.008 664.008 624.011 593.006 585.99 578.99 570.991 576.98 578.98 566.989 550.993 521 502.995 500.987 494.989 449.005 422.995 412.988 381.001 339.009 307.004 267.014 238.01 229.999 215.003 197.005 188.999 170.005 148.007 132.005 120.002 108.003 97.003 87.004 80.002 82.997 84.999 87.996 86.999 87.999 86 82.001 81.999 80 77.001 69.005 63.004 63.001 62.999 60 56.003 55.001 53.001
750.991 766.989 755.001 729.008 726.996 732.991 748.986 763.982 762.989 738.002 718 723.987 714.993 698.997 692.99 664.001 635 599.009 564.01 538.005 529.994 524.99 509.992 506.985 503.985 495.987 469.997 454.993 448.99 441.992 391.013 359.003 351.988 329.995 304 270.008 253 226.008 211.002 202.999 188.002 173.003 157.004 139.006 124.005 109.005 98.003 89.003 85 75.004 76.998 83.995 78.001 81.995 84.997 83.999 79.001 76.999 76.998 76 75 68.003 65.002 58.003 56.001 58.998 56.001 55
739.999 750.991 739 718.009 708.005 707.995 721.984 720.989 718.989 704.998 684.003 684.991 672.998 660.998 645.999 618.004 588.005 574.997 544.008 512.012 492.006 480.001 454.006 444.995 439.989 433.988 416.994 403.993 401.987 397.992 357.012 319.014 295.009 274.006 260.999 244.999 226.001 210.003 194.004 184.999 172.002 160.001 147.003 133.005 119.004 103.005 92.003 84.002 79.002 74.002 71.001 77.995 72.002 70.999 76.996 77 73.001 71.001 70.999 73.998 71.999 69 66.001 59.003 55.003 55 54 53
749.991 735.999 718.003 715.995 710.997 689.008 683.004 678.004 675 674 660.008 653.005 646.003 635.004 618.005 585.013 558.011 540.004 523.002 504.003 483.007 462.007 434.011 409.007 389.005 377 365.997 353.997 349.992 358.987 336.008 308.011 289.008 261.013 234.009 216.002 198.002 195.994 182.003 168.004 157.002 143.004 135 127 111.005 97.004 85.005 80.002 77.001 73.002 69.002 70.998 68 67 71.997 75.999 72.001 70 68.999 70.998 65.003 64.999 64 60.001 59.999 54.003 53 52
728.003 710.009 699.006 695.001 692.001 684.005 689.003 686.007 671.014 672.007 667.008 660.009 645.012 631.012 608.019 580.021 555.013 527.01 501.011 483.012 473.007 453.01 428.012 394.021 374.016 356.017 337.015 321.006 312.999 324.988 328.995 302.009 288.999 264.004 224.012 193.01 176.006 168.998 169.994 159.001 146.003 135.002 122.004 115 103.003 90.005 86.001 78.003 75 73 70.001 65.002 63.001 63.999 69.997 76.995 71.002 68.001 65 66.999 66 61.002 61 58.001 57 56 52.001 51
729.013 715.016 703.01 694.009 690.009 691.001 708.992 706.006 698.012 702.003 690.01 683.008 666.014 655.011 642.009 614.011 563.022 519.022 501.016 498.01 483.016 459.019 434.024 418.019 403.021 392.019 363.023 318.029 294.012 297.991 316.98 293.003 265.004 238.004 205.01 181.008 171.002 151.009 148.997 142.999 133.999 125 116 103.004 96.001 89.001 82.002 75.004 71.002 70 69.999 66.003 62.003 61.001 67.996 69.998 68 65.001 60.002 65.996 64.999 62.001 60.001 56.002 55.999 54.999 50.002 48.001
762.004 751.011 722.022 715.011 717.006 695.016 708.994 722.997 732.002 722.011 709.012 701.01 692.01 678.007 654.005 611.014 562.021 531.02 532.01 533.008 518.013 492.025 483.016 464.018 460.009 445.01 401.024 352.028 300.028 271.012 271.992 264.995 234.008 207.009 188.006 172.004 161.003 151.002 134.006 128 117.003 110 102.002 95.001 88.001 82.002 79.002 77 71.003 68.001 68 68.999 68 62.003 64.998 65.998 65.998 64 58.003 58.999 58.999 59.998 60.998 56.003 52.001 50.001 49.999 50
779.995 772.996 756.007 747.006 743.004 718.017 710.009 735.992 754.995 746.01 733.012 726.01 716.008 681.017 635.023 592.024 562.021 557.014 572.001 565.01 544.015 544.003 528.009 500.01 486.999 458.003 419.01 378.016 322.024 270.022 245.006 234.997 213.006 195.006 178.007 162.006 153.002 142.003 128.005 118.004 111.001 100.003 95 87.002 81.002 78.999 79.998 75.001 71.001 67.001 66.999 66 65.999 64 62.001 60.001 59.999 59.999 60.999 56.002 54 53.999 55.998 57.998 51.004 51 48.001 49.998
752.988 746.99 753.987 753.99 749.992 743.001 731.009 748.992 766.986 768.993 758.001 751.999 731.005 687.017 647.02 611.022 592.02 601.005 602.009 590.008 566.005 553.992 533.999 492.009 460.003 420.007 392 368.997 322.012 267.018 226.015 206.006 199.998 187.999 175.001 160.004 145.005 134.003 123.002 115.001 105.003 94.003 88.001 82.001 77.002 73.001 74.998 72.001 70 66.001 64 63 63.999 60.001 60.999 61.999 58.002 57.999 59.998 54.003 51.002 50 50.999 54.997 53 51.001 48.001 45.002
699.99 699.988 716.98 714.987 712.99 736.981 746.987 746.991 742.993 745.989 743.989 738.992 715.007 677.019 655.01 637.01 636.001 636.996 637.997 601.01 544.013 504.005 496.989 455.009 417.008 380.005 346.003 321.001 288.004 246.009 216.008 196.006 181.005 164.004 155.996 150.994 140 126.004 114.002 106 98 89.003 81.002 77 76 72.002 71.999 69.001 65.002 62.001 61 60 61.998 59.001 59 59 58 56.001 56.999 54.001 52 49.002 48 50.998 51.001 50 48.001 46.001
651.998 655.988 669.981 661.991 670.985 702.972 712.983 712.987 707.993 707.99 696.996 701.99 701.997 686.007 657.012 645.999 637.989 624.989 627.976 577.004 497.023 455.006 443.992 419.997 384.003 338.008 302.006 281.998 250.006 211.012 196.001 184.001 175.002 150.012 126.011 118.999 122.991 117.996 100.003 92.001 86 83.999 76.003 72 74.997 72 70 69 65.001 59.002 58.999 59.999 59 58 58.999 58.999 57.999 57 54.002 51.002 50.001 51 48.002 48.999 52.997 49.001 47.001 47
617.016 614.996 618.989 615.993 629.983 647.979 663.98 662.989 671.986 670.99 662.991 670.983 691.978 685.995 654.004 622.999 583.001 561.99 541.99 506.998 450.012 408.004 393.991 367.998 335.002 291.01 265.003 242.004 219.005 191.008 173.003 167.996 167.995 155.003 127.014 102.014 94.001 94.995 83.003 80.998 76.001 75.999 73.001 67.002 69.998 67.002 66 67.998 62.003 58.002 56.001 57 57.999 57.999 56.001 55.001 54 53.999 54.999 52.001 51 50.999 50 48.001 47 47 48.001 46.002
626.017 598.01 582.001 582.99 587.987 597.984 613.98 619.989 631.981 630.985 613.993 619.983 642.979 656.985 616.008 569.009 522.01 490.003 468.997 441.001 399.008 355.011 335 315.998 287.006 257.007 233.005 218.001 198.004 176.005 155.006 144.999 148.992 143.997 135.001 115.008 86.014 76.004 73.001 71.001 71.999 71 70.999 66.002 67.998 67.999 66.001 65.001 62.001 59.001 57.001 57 56.999 56 55 55.999 54 52.001 52 51 48.002 48.999 48 47.001 45.001 46.999 51.997 50
631.013 589.016 558.01 545.997 544.988 552.983 564.982 586.974 580.992 571.993 557.994 564.987 601.972 621.979 579.015 525.02 482.011 448.007 421.003 397.004 360.011 322.012 301.002 278.005 260.003 232.008 211.005 197.001 180.002 160.005 144.003 124.005 124.992 122.993 123.995 112.003 90.011 76.006 71.001 72.998 70.001 68.001 68.999 64.002 63.999 64.999 64.999 65.999 61.002 57.002 56 56.999 55.001 53.001 53 53.999 52.001 52 51.001 50 49 48.001 48 47.999 46.001 47 48 46.001
619.003 580.011 545.011 513.011 497.999 502.988 515.985 525.984 538.988 530.003 511.003 525.982 555.972 575.976 564.994 511.018 452.021 418.007 389.003 371 340.007 303.012 273.009 257 240.002 217.007 197.006 177.006 161.004 146.003 127.006 110.005 97.004 92.999 104.991 101.998 94 75.008 67.003 68.999 68.001 67 66 64.001 61.002 62.998 62.999 62 60.999 57.001 55.001 54.999 54 53.999 54 53 51.001 51.999 52 50.001 49.001 49 47.001 45.001 46.999 47 48.999 48
591.998 557.009 528.006 500.009 471.011 466.997 478.987 482.992 515.978 524.988 490.011 481.996 498.978 518.975 522.981 489 434.013 388.012 353.009 339.999 315.004 286.007 259.008 231.008 218.999 206.001 185.006 166.007 151.004 133.004 118.004 102.006 89.005 83.001 91.992 89.997 80.001 74.003 66.002 67.998 68.999 66.001 65 65.999 63.002 59.002 60.999 60 57.002 56.001 54.001 52.001 53.998 52 54.998 53 52.001 50.002 51.999 50 49.999 48 47 46 45.999 46 46.999 47.999
556.995 533.003 502.007 485.998 463.004 447.002 450.991 457.991 484.98 494.984 473.999 453 444.992 455.98 455.983 430.996 391.007 358.006 330.006 316 289.008 265.008 244.007 215.011 197.005 187.001 174.001 162.001 143.005 119.009 108.002 99.001 88.003 78.004 75.001 75.998 68.003 73.995 62.004 63.998 67.997 66 65 63.001 64 60.002 59 59.999 58.001 57 54.001 53 51.001 50 51 51 52.999 53 52 47.003 47.999 45.001 44.001 45.999 44.001 45.999 45.001 45
522.995 503.001 476.005 452.004 440.997 426.999 421.994 434.986 454.982 449.992 435.996 418.998 400.999 396.99 390.989 374.996 352.001 325.005 306.002 292.001 275.004 257.005 236.007 209.012 188.012 173.008 158.007 146.005 130.005 114.005 96.007 87.002 82 77.001 74 70 66.002 65.999 59.004 60.998 64.997 64 64 63.999 63.999 60.002 58.001 56.001 58.998 56.001 53.001 51.002 50.001 50 51 51 50.999 53.998 52.002 49.002 47.001 44.001 45.999 45 43.001 44.999 45.999 45
