BHH/includes/Sample_DEM.asc
ncols         601
nrows         601
xllcorner     108.7495833333
yllcorner     12.4995833333
cellsize      0.00083333333333333
nodata_value  -9999
[rows 420 to 449 of 601, columns 408 to 475 of 601]
58 58 58 58 58 58 58 58 58 58 58 58 58 58 58 58 58 58 58 58 58 58 58 58 58 58 65.997 74.996 77 89.995 103.994 118.996 141.993 181.982 228.976 285.969 340.973 383.98 399.991 405.991 374.011 320.023 286.014 261.005 266.987 305.973 333.981 297.019 265.015 227.017 198.013 174.01 149.011 161.993 179.99 198.989 221.987 246.984 261.987 280.988 320.978 332.986 326.995 322.996 316.998 318.993 312.998 296.003
58 58 58 58 58 58 58 58 58 58 58 58 58 58 58 58 58 58 58 58 58 58 58 58 58 58 67.995 75.996 81.997 90.996 102.995 127.988 153.988 177.99 213.986 263.981 327.971 379.973 391.987 382.994 362.997 317.009 284.007 237.016 225.995 268.971 308.974 308.998 268.022 229.019 198.014 171.012 148.01 157.991 171.989 186.99 210.984 225.987 236.991 264.985 301.976 298.992 297.991 300.991 298.994 294.994 295.994 280.005
58 58 58 58 58 58 58 58 58 58 58 58 58 58 58 58 58 58 58 58 58 58 58 58 58 58 66.995 73.996 79.998 89.997 102.998 122.994 151.987 180.983 219.981 273.976 321.98 361.982 361.996 345.999 318.003 276.007 254.997 219.008 188.009 229.976 276.972 301.984 282.011 237.024 199.02 172.015 146.013 140.999 153.989 171.985 187.987 199.989 220.986 254.98 272.983 261.997 261.993 272.99 271.995 266.995 272.991 271.997
58 58 58 58 58 58 58 58 58 58 58 58 58 58 58 58 58 58 58 58 58 58 58 58 58 58 61.998 70.997 82.997 96.998 116.997 135 151.001 166.001 210.982 273.972 324.977 357.982 348 315.008 283.004 234.014 207.003 191 171.006 207.98 246.98 282.983 291 252.026 214.025 183.021 151.019 127.014 131.994 145.987 164.986 176.989 203.982 236.978 237.991 233.995 235.995 252.987 249.993 237.995 249.986 257.992
58 58 58 58 58 58 58 58 58 58 58 58 58 58 58 58 58 58 58 58 58 58 58 58 58 58 60 73.994 89.994 112.992 139.992 165.994 183.001 194.007 217.997 270.98 321.974 342.982 330 290.011 246.012 204.013 175.008 163.001 159.999 193.982 236.98 277.98 302.986 285.01 246.023 210.023 172.024 139.021 118.013 119.997 141.983 155.987 179.984 208.978 204.993 206.993 219.992 231.99 218.997 200.002 217.987 239.984
58 58 58 58 58 58 58 58 58 58 58 58 58 58 58 58 58 58 58 58 58 58 58 58 58 58 62.998 72.995 91.991 118.988 152.987 187.988 216.992 237.999 248.006 282.984 306.98 308.989 306.993 266.015 219.019 183.011 158.006 148 152.996 182.986 231.977 268.979 292.98 292.988 270.003 238.018 202.023 163.021 131.016 112.01 114.996 129.989 159.985 173.992 170.998 182.992 211.984 214.992 185.008 175.999 197.983 214.989
58 58 58 58 58 58 58 58 58 58 58 58 58 58 58 58 58 58 58 58 58 58 58 58 58 58 64.998 71.999 90.994 118.989 159.98 198.981 235.984 270.984 285.988 280.992 268.994 270.99 276.988 256.003 214.016 166.02 140.009 133 145.995 180.987 225.982 249.988 254.992 247.994 243.993 254.988 229.01 178.028 139.022 117.014 103.009 112.994 150.978 167.988 157.007 172.996 198.985 188.995 164.004 156 169.994 200.99
58 58 58 58 58 58 58 58 58 58 58 58 58 58 58 58 58 58 58 58 58 58 58 58 58 57.999 67.998 80.001 98.999 122.995 152.991 189.986 235.977 269.975 263.989 241.997 226.998 234.991 239.987 233.992 204.005 161.015 130.012 123.001 149.989 190.985 233.984 245.998 231.007 213.006 210.995 226.983 224.993 199.01 158.023 133.016 113.017 105.007 131.984 151.99 165.998 182.995 184.996 152.01 138.001 142 169.992 215.982
58 58 58 58 58 58 58 58 58 58 58 58 58 58 58 58 58 58 58 58 58 58 58 58 58 55.004 77.994 102.997 127 142.007 167.002 198.997 223.985 229.985 210.997 193.998 192.997 213.983 198.997 192.994 175 146.007 124.008 117.001 152.981 200.975 242.976 256.989 234.01 205.016 189.007 189.993 193.99 193.99 176.002 153.005 145 119.012 113.999 146.986 180.987 193.992 173.004 137.011 120.007 147.991 185.985 222.976
58 58 58 58 58 58 58 58 58 58 58 58 58 58 58 58 58 58 58 58 58 58 58 58 58 66.999 93.994 132.99 166.996 194 217.003 239.997 208.015 184.005 167.999 158.999 178.984 184.988 164.002 158.995 145 126.006 117.003 110.002 139.984 183.976 221.976 238.986 232.999 216.009 189.016 166.013 160.997 156.992 151.993 135.003 132.994 121 103.005 146.977 186.977 185.994 153.013 120.014 119.001 161.982 190.984 193.988
58 58 58 58 58 58 58 58 58 58 58 58 58 58 58 58 58 58 58 58 58 58 58 58 58 77.992 114.986 160.984 206.981 239.989 265.991 266.997 213.025 162.025 137.009 138.994 151.988 148.995 137 130.999 123 117 113.001 106.002 128.987 164.979 194.98 214.985 218.991 220.993 204.003 178.013 140.024 119.01 117.995 118.993 106 100.997 94.005 132.982 165.978 159.994 145.999 117.008 121.997 163.978 176.987 154.001
58 58 58 58 58 58 58 58 58 58 58 58 58 58 58 58 58 58 58 58 58 58 58 58 58.001 81.991 124.985 174.978 211.982 251.979 273.982 256.999 217.015 173.02 131.021 121.002 125.994 123.997 118 117.998 110.002 106.999 109.998 103.002 117.99 145.98 169.982 189.983 191.993 196.99 186.998 184.995 167.006 122.021 97.009 93.997 84.004 83.006 100.997 127.985 134.991 127.998 117.002 99.005 116.987 148.978 147.993 120.007
58 58 58 58 58 58 58 58 58 58 58 58 58 58 58 58 58 58 58 58 58 58 58 58.001 62.996 86.986 138.972 172.981 202.986 239.98 242.99 224 208.997 178.008 141.012 112.011 111.998 109.999 107.999 108.997 106 100.002 105.996 99.002 103.996 117.989 140.983 158.985 167.99 166.996 161.999 163.995 158.993 126.007 90.012 77.005 82 103.993 117.992 116.997 111.001 109.998 105.002 89.008 97.992 119.986 117.997 100.007
58 58 58 58 58 58 58 58 58 58 58 58 58 58 58 58 58 58 58 58 58 58 58 61.995 54.999 72.989 117.98 157.983 198.982 226.98 210.997 190.999 172.999 155.999 126.007 105.006 103.998 103.999 101 100.998 99.999 99 99.999 96.002 96.998 97.998 112.989 130.985 142.988 148.992 149.001 147.996 122.006 97.008 77.008 73.001 90.989 113.983 108.997 102.003 105.997 99.997 103.992 93.002 84.002 101.987 103.996 97.002
58.001 58.001 58 58 58 58 58 58 58 58 58 58 58 58 58 58 58 58 58 58 58.01 58.008 58.998 48.001 38.003 60.988 117.972 159.98 196.982 197.993 174.003 155.003 139.999 124.001 103.005 93.002 95.997 99.997 96 92.001 93.998 97.996 97.999 96.001 92.002 91.999 94.997 103.993 115.991 128.991 152.982 131.003 100.011 85.007 74.005 69.002 78.994 88.995 89.001 101.992 102.994 80.008 80.997 82.997 76.003 82.995 92.992 93.996
62.001 63.001 58.004 58.001 58.002 58.001 58 58 58 58 58.001 58.002 58 58 58 58 58 58.004 58.01 58.016 94.989 89.002 54.014 35.008 34 52.992 105.977 153.98 187.981 171.004 146.005 132.998 112.004 100.002 89.003 83.002 89.997 94.997 91.001 88 88.999 90.999 94.997 96.997 92.001 89 87.999 92.996 101.993 117.99 125.992 104.006 92.002 85.001 76.003 67.003 73.997 87.996 93.998 91.997 83.001 72.007 72.004 74 74.999 74 79.996 81.999
70 68.002 66.002 62.004 65 63.003 58.005 58.001 58 58.001 61.999 63.999 58.005 58.002 58.004 58.004 58.006 73.002 96.998 117.995 115.997 86.008 49.014 34.006 31.003 53.995 106.98 157.976 171.985 158.998 125.011 103.004 92.001 87.998 81 80.998 90.995 91.999 89 83.002 87.997 90.997 90.998 89.999 87 84.001 83 86.998 91.996 107.989 109.996 89.008 81.001 78.999 73.001 65.003 73.995 96.985 94.997 77.006 70.004 81.997 86.998 76.005 73.001 71.002 75 81
74 73.002 71.002 69.002 70.001 70.001 68.001 62.005 58.004 61.999 64.001 65.001 67.006 66.01 72.007 75.008 82.007 106.999 128.997 132.999 102.014 67.015 40.011 32.003 39.001 74.989 118.982 149.983 138.998 130.994 109.003 83.01 77 74.999 71 74.997 86.992 88.997 85 81.001 82.998 84.997 84.998 84.998 82.001 81 79.999 86.995 85.998 93.993 97.994 84.005 73.004 71 68.001 62.003 69.995 77.994 80.997 71.003 74.997 89.989 88.996 77.004 73.003 76.002 81.004 90.003
77.002 78.001 75.003 74.003 77.001 72.005 70.003 73.001 66.007 66.006 71 71.003 91.996 104.004 110.008 109.012 119.006 142.995 153.994 136.005 103.013 67.015 37.013 31.004 53.991 93.98 124.982 136.987 112.005 94.002 84 77.001 67.004 66.999 65.999 70.997 75.998 81.997 80 79.999 80 77.001 77.998 78.998 78.999 77.999 76 79.996 77 80.997 80 80.998 71.003 66.002 66.999 63.001 64.998 69.997 74.995 67.003 70.997 72.997 71 71.999 75.999 88 104 117.998
83.002 83.002 81.004 84.002 86 81.005 80.005 81.005 82.007 88.003 80.006 84.003 112.989 138.988 149.998 153.008 160.006 163.999 150.001 126.003 96.007 63.012 35.012 37.998 57.989 85.986 108.984 107.992 90.002 73.004 67.001 67.997 64 62 62 68.997 74.998 79.997 78 76 78.998 76.001 73.001 73.999 74.998 73 72.999 72.999 71 74.999 79 75 67.002 64.001 64.999 62.001 61 64.997 64.001 66 67.001 66 65.999 69.998 76.999 106.99 129.99 133.996
89.002 92.002 93.004 95.003 90.006 91.004 97.003 100.008 110.005 108.005 88.012 101.996 120.995 136.997 160.993 186.993 196.001 167.013 131.016 99.013 74.007 53.006 33.008 34 50.993 79.983 86.991 75.001 67 60.001 60.998 59 58.999 58 61.998 69.995 76.995 75.001 75.999 73.001 77.997 75.001 72.001 71 69.999 69.999 69 70.001 68.002 75.994 83.992 68.005 63.001 62 62.999 61.999 58 60.998 64.998 69.997 70.998 66.001 64 69.997 83.995 117.987 130.994 125.001
96.007 105.002 111.002 110.005 105.011 108.012 119.009 137.004 146.003 124.013 100.015 110.999 133.992 152.996 172.996 201.992 212.995 169.02 132.016 94.018 61.017 42.007 32.004 33.998 51.99 63.991 62.997 60.001 55.001 53.999 55.998 54 54 56.998 60.998 64.997 70.997 73.999 74 71.001 74.998 74 71 68 66 67.998 68 74.998 71.001 66 66.998 62.001 60 61.997 61.998 55.003 53.001 56.998 63.995 65.998 65 62 62 69.997 88.992 124.984 129.997 120
118.008 128.006 129.007 128.01 138.006 158.002 171.007 181.006 171.008 137.02 119.014 124.005 142.998 168.993 189.997 220.986 212.998 173.014 133.016 100.016 70.013 38.013 30.004 31 42.993 47.998 50.998 56.995 52.001 49.001 49.999 50.999 52.998 53 58.998 61.999 68.997 74.996 72.999 70.001 72.998 72.998 67.002 64 63.999 63.999 68.997 78.993 70.002 59.005 59.999 58 55.001 54.999 53.999 53 52 54.998 57.997 60.997 61.999 58.002 62.998 69.997 89.991 123.982 124.998 104.007
154.005 167.005 159.013 163.007 179.003 198 219.997 221.005 186.021 156.02 143.013 151.003 166.001 186.996 211.988 218.991 192.005 158.007 129.005 105.004 69.012 36.014 31.001 32.998 37.997 47.994 49.998 48.999 47.999 48.999 48 49.999 50 52 59.997 64.998 67.997 67.998 66.999 66.999 68.998 67 64 59.002 59.999 61.999 66.996 68.997 63.002 58.002 58.999 56.001 55 53 50.001 51.999 52 52 52 54.999 57.998 57.999 61.997 69.995 87.99 110.983 117.993 97.01
200.006 208.009 196.017 198.006 216.994 230.99 245.988 241.998 207.022 182.023 171.017 177.007 194.999 206.991 205.991 194.995 166.008 129.014 101.009 81.005 54.01 34.009 28.003 29.999 34.997 40.995 46.995 42.001 42.998 45.997 46.999 47.999 51 56.998 61.997 64.998 63.001 62 61.001 64.998 65 62.002 59.001 57 58.998 60.998 59 59.999 59.999 58.001 56.001 55 53.001 51.001 50 50.999 50.999 52.999 52.001 55 56.001 55.001 57.999 64.996 77.991 85.992 101.986 98.997
245.008 255.01 240.017 223.007 223.989 216.992 225.985 228.991 233.997 228.007 216.013 214.006 219.994 193.007 169.003 155.995 146.995 122.005 87.011 66.006 46.008 34.005 29.002 29.999 32.998 32.999 37.997 37.999 37.999 40.998 43.999 46 55.995 57.998 58.999 60.999 61.998 59.001 61.998 63.998 65.998 64 58.002 54.001 53.999 54.998 55.999 57.998 56.999 56.999 55 54.999 53.001 50.001 49 47.001 48.999 51.998 53.999 59.997 61 57.002 57.999 60.998 66.996 69.996 76.993 81.993
296.996 308 279.016 221.027 184.014 175.994 183.986 198.986 230.977 245.984 243.991 231.997 208.001 174.009 141.01 117.004 111.995 100.997 72.008 53.007 44.004 33.006 28.002 28.999 30.999 30.999 34.997 34.999 34 37.998 43.996 49.996 51.997 53.998 55.999 58.997 57 56.999 60.997 60.999 59.999 60.998 57 52.002 49.002 49.999 51.998 51.999 51.999 51.999 51 51.999 52.999 50 48 47 47.001 50.999 53.999 59.997 61.999 57.003 54.002 56.998 61.996 59 60.998 63.997
310.987 326.986 293.01 229.026 175.024 140.015 143.994 168.981 197.978 207.984 206.989 198.996 173.002 151.002 123.005 93.01 84 71.003 54.008 49.002 45.001 38.004 29.005 27.001 30.999 29.001 30 31.999 32.999 35.998 38.998 42.997 44.998 47.998 53.997 53 52 54.998 57.998 56.001 55 55.999 52.001 51.999 51 49.001 48 47 48.999 47 47.999 48.999 48.999 46.001 45.001 46.001 50.999 55 55.002 58 60.999 60.001 58.003 56.003 56.001 55.001 56.999 56.999
287.985 299.987 274.003 221.023 177.025 138.027 126.01 137.99 161.981 164.989 162.992 168.99 138.007 122.998 97.006 80.005 69.003 60.003 55.003 50.001 43.003 42.998 35.002 29.003 31.998 30.001 30 30.999 32 32.999 36.997 38.998 39.998 43.999 51.995 50 49.999 50.999 53.998 54.999 53.999 52.999 49.002 49.999 49.999 48.001 47.001 44.002 47.998 45.001 45 45.999 45 44.001 47.999 52.999 57 60.002 62.002 62.002 64.001 64.003 65.003 64.003 59.005 58.004 58.005 54.007
276.983 269.994 242.007 220.006 200.01 175.018 143.022 119.011 127.989 127.993 128.991 138.986 115.004 90.008 75.005 69.002 63.001 58.002 59 47.005 44.001 37.004 30.004 29.001 30.999 30 29 29.999 31.999 31.001 31.999 33.998 33.001 44.995 47.997 46.001 46.999 48.997 49.997 50.999 49.001 49 49.999 48.001 47 48.999 48 45.001 45.999 45 44 43 43 45 51.998 56.999 62.999 72.997 72 70.001 70.004 76.002 79.003 75.005 70.005 71.999 77.996 76.002
