BHH/includes/Sample_DEM.asc
ncols         601
nrows         601
xllcorner     108.7495833333
yllcorner     12.4995833333
cellsize      0.00083333333333333
nodata_value  -9999
[rows 330 to 359 of 601, columns 204 to 271 of 601]
586.001 582.006 572.009 566.005 573 580.001 577.004 581.002 600.998 597.013 595.014 614.002 639.998 630.012 594.022 578.012 583.002 599.994 649.977 694.982 719.991 720.002 703.014 718.002 741.997 776.991 818.985 859.985 884.996 886.011 876.018 868.017 869.014 880.012 895.011 904.009 891.01 847.022 791.028 752.02 721.016 689.018 673.01 658.008 635.013 635.002 676.982 707.986 730.992 775.981 828.972 864.976 878.985 898.985 922.986 948.99 984.986 1033.98 1075.979 1113.976 1161.971 1189.986 1196.001 1217.99 1245.982 1248.989 1255.987 1262.993
597.999 599.003 588.007 577.007 583.002 595.998 586.01 595.001 626.989 642.003 646.013 653.012 675.998 658.01 617.02 596.011 598.006 605.007 643.984 701.969 728.985 729 728.005 748.995 771.997 801.995 832.993 871.987 910.987 930.002 930.014 919.019 923.012 945.008 961.012 953.015 908.025 857.026 805.028 765.024 732.022 705.019 686.013 665.013 647.014 643.005 679.984 706.989 739.983 776.978 809.977 833.983 845.995 874.989 909.986 952.98 991.984 1039.978 1065.982 1086.986 1131.975 1183.971 1208.98 1214.99 1224.985 1212.996 1217.991 1247.985
605.002 610.999 597.008 584.011 600.999 609.005 606.009 615.004 638.997 678.988 702.001 710.009 707.005 667.016 624.018 604.013 623.001 645.003 648.011 680.989 714.981 729.992 743.997 765.995 798.991 833.988 856.998 888.994 927.987 969.987 985.006 972.02 977.011 1011.995 1032.992 996.014 929.032 872.029 826.025 789.022 761.016 733.017 703.016 680.015 669.01 655.008 678.99 708.99 730.995 752.992 777.988 807.986 844.986 881.987 913.989 947.989 994.98 1033.974 1039.991 1066.986 1109.98 1160.971 1173.985 1185.986 1185.991 1177.997 1192.993 1238.98
617.002 617.003 604.009 603.005 624.997 640.005 636.013 644.004 667.997 699.998 742.991 756.001 722.016 661.027 623.022 619.009 656.99 691.993 695.011 692.013 698.002 725.99 754.988 784.987 818.987 847.992 885.986 917.989 941.996 990.986 1032.99 1028.016 1029.013 1051.993 1039.002 987.022 938.023 888.024 845.02 810.018 774.02 753.009 716.017 700.01 688.005 664.011 680.991 719.98 747.986 759 775.001 804.992 853.979 893.979 924.982 963.978 997.978 999.991 1015.99 1057.979 1104.975 1133.981 1138.99 1153.982 1150.993 1151.998 1189.983 1238.979
629.003 630.002 617.008 621.003 649.992 683.989 680.012 674.017 697.004 744.988 780.991 782.001 726.028 662.033 645.012 646.007 681.992 721.992 741.002 735.018 717.021 734.996 755.995 785.989 825.982 864.984 893.993 928.99 966.991 1019.981 1065.983 1079 1081.998 1064 1024.012 986.013 946.012 897.016 851.015 822.008 790.012 754.014 721.016 711.005 688.011 667.016 675.999 708.985 741.985 777.983 803.989 822.995 854.985 880.985 908.986 943.98 968.98 969.997 1004.984 1045.98 1087.98 1107.987 1108.991 1108.993 1117.993 1146.986 1188.981 1240.976
641.002 640.003 625.013 639.997 665.988 697.982 717.99 730.002 749.003 778.996 807.994 788.012 741.022 680.031 663.014 674.003 711.992 757.989 782.001 794.004 768.022 750.017 771.997 794.997 823.989 868.977 915.976 950.986 994.983 1036.985 1075.985 1098.988 1081 1036.011 1002.01 972.005 927.012 877.017 833.017 804.01 784.004 748.016 728.013 715.008 693.011 695.004 689.008 706.992 739.98 771.981 803.981 834.979 851.984 866.99 900.983 924.984 934.991 959.988 1002.977 1037.983 1079.982 1091.99 1077 1083.993 1105.989 1141.983 1187.976 1235.971
651.004 649.005 649.006 653.008 665.006 682.997 713.985 757.976 790.982 814.99 833.995 800.018 746.025 696.026 687.011 704.003 745.995 793.989 823.997 828.011 809.02 785.02 799.002 820.999 831.002 856.99 902.977 953.973 1004.973 1049.977 1083.983 1089.993 1049.01 1003.013 982.002 940.016 897.017 857.016 824.012 794.011 765.014 751.009 743.005 723.011 700.013 712.996 710.007 706.009 719.997 750.983 783.978 805.982 819.984 852.978 890.976 901.99 916.99 955.977 986.982 1031.974 1080.969 1071.997 1054.002 1066.99 1098.981 1137.976 1171.979 1204.983
661.006 663.003 671.004 690.999 708.005 703.017 708.006 739.984 778.979 816.983 844.989 812.016 750.028 712.026 713.011 741.996 795.982 832.991 860.995 876 853.018 821.023 830.007 855 856.012 863.006 889.992 934.981 986.976 1035.975 1075.977 1072.993 1021.017 976.016 956 930.004 891.012 851.012 813.016 786.016 772.01 762.01 749.012 730.012 711.012 720.997 729.998 732.007 730.008 737.006 755.995 771.996 782.997 821.979 860.976 880.986 902.987 932.984 968.979 1007.975 1044.971 1043.99 1031.001 1050.986 1078.983 1111.987 1146.99 1195.977
675.005 677.002 697.995 720.994 753.991 760.009 738.023 734.011 762.993 815.984 850.988 817.016 752.035 750.011 758.011 775.006 815.992 858.989 889.996 902.001 882.013 854.018 872.996 896.997 902.009 897.014 903.008 936.994 980.985 1021.982 1052.982 1040.996 1001.008 961.009 921.01 901.001 872.008 832.018 812.015 801.011 788.012 784.01 775.008 746.017 724.016 725.003 736.997 761.994 756.011 771.002 770.011 785 790.003 805.993 835.985 861.987 889.984 920.982 948.981 975.98 996.981 1001.989 1011.99 1030.989 1060.991 1115.978 1164.974 1190.98
691.004 688.005 712.991 737.995 773.988 802.991 789.014 771.018 783.007 844.98 861.997 820.02 778.023 787.006 814.999 825.007 852.998 886.995 925.993 927.007 898.019 878.014 891 923.991 944.998 942.011 945.009 968.998 996.998 1021.995 1035.993 1006.008 966.014 927.014 891.016 871.012 855.011 835.019 835.009 825.012 812.015 814.005 789.018 764.018 748.012 738.009 746.998 779.987 789 803.002 810.008 810.009 808.008 806.009 829.994 854.989 876.989 902.984 921.987 944.984 959.988 968.995 989.993 1020.991 1074.978 1123.975 1148.979 1157.986
707 701.007 720.995 759.988 788.995 815.995 820.007 808.019 830.003 872.989 877.002 828.026 797.022 823.997 856.996 869.005 892.997 925.992 962.99 956.011 922.022 897.02 913.001 945.993 972.998 981.009 984.01 1001 1035.99 1046.003 1031.011 988.026 954.017 915.021 894.015 882.012 871.013 874.01 871.013 856.02 846.019 838.017 815.019 790.016 767.019 755.014 755.003 784.984 803.991 834.988 853.999 843.016 835.014 836.011 846.007 853.005 869.997 884.998 902.993 922.99 940.99 962.988 997.98 1038.976 1081.974 1108.979 1110.991 1120.988
721 716.005 734.994 780.982 818.988 842.996 855.005 861.011 878.008 901.002 893.014 844.032 830.017 857.998 897.992 909.004 921.003 948.997 986.992 985.008 949.021 930.017 944.004 974.994 1011.992 1030.005 1029.014 1030.014 1057.998 1073.001 1049.014 1016.014 964.024 931.02 917.014 906.013 904.011 918.002 916.014 909.017 902.017 890.016 851.029 808.029 800.013 790.011 766.017 774.997 802.986 839.982 882.981 887.005 874.015 879.007 888.004 884.01 886.008 901.004 908.006 919.001 933.996 954.99 978.988 1014.984 1053.98 1072.986 1080.994 1092.996
732.003 728.006 744.994 789.98 835.979 867.984 892.99 914.995 934.998 946.003 933.013 884.035 871.018 896.997 934.994 944.007 953.008 982.996 1020.988 1012.005 970.023 962.012 982.999 1004.001 1043.99 1077.994 1079.013 1084.013 1097.006 1101.999 1062.014 1015.02 970.022 954.011 948.01 938.016 942.01 950.009 965.01 962.017 954.014 932.018 896.024 849.03 835.012 815.013 790.018 777.011 795.991 833.983 881.98 911.994 911.011 915.007 917.009 915.008 920.006 940.999 941.007 941.006 945.005 951.004 971.997 1012.987 1043.99 1051.002 1072.996 1097.994
747.001 744.006 750.999 787.982 833.972 860.98 896.976 932.977 960.98 975.989 962.008 937.02 918.02 929.006 974.987 985.01 1000.006 1018.007 1036.999 1015.014 988.02 995.005 1015.999 1040.998 1071.995 1111.994 1131.006 1141.008 1141.005 1107.015 1049.031 1012.022 978.023 971.011 975.008 983.009 986.012 999.008 1026.999 1021.009 993.019 964.021 927.023 885.024 856.017 833.018 818.016 798.015 793.006 830.985 883.977 938.976 951.002 948.012 953.006 944.013 950.006 972.997 969.01 964.009 970.005 976.005 995 1029.989 1057.991 1070.998 1092.995 1115.993
760.002 761.003 760.004 778.994 803.988 827.989 864.979 903.975 930.979 957.979 968.988 972.997 961.013 972.007 1001.999 1037.998 1048.014 1074 1063.011 1031.021 1018.014 1026.004 1047.002 1075 1106 1154.991 1187 1190.011 1160.021 1109.03 1069.023 1036.019 1008.021 1000.014 1014.005 1031.006 1038.016 1050.01 1069.996 1044.016 1018.019 994.018 952.026 907.028 874.021 862.01 853.006 821.018 807.009 837.987 885.98 939.976 977.987 990.003 986.01 978.013 984.008 1001.003 1002.01 989.016 1001.003 1006.006 1025 1046.998 1071.997 1086.003 1110.991 1127.992
777.001 775.007 773.005 785.998 799 826.99 844.994 873.986 895.99 922.988 942.992 966.992 989.992 1016.993 1049.994 1088.993 1116.999 1119.008 1087.023 1058.027 1050.017 1056.009 1088 1122.999 1158.997 1202.993 1239.997 1237.011 1189.031 1139.031 1090.028 1055.024 1043.014 1039.014 1055.008 1083.003 1109.005 1107.012 1088.016 1062.02 1048.011 1022.012 980.021 940.02 898.022 879.009 862.008 838.013 817.012 838.989 887.976 938.976 992.976 1021.992 1018.013 1016.011 1026.006 1039.007 1043.009 1027.019 1034.007 1036.009 1055.002 1076.002 1101.998 1121.999 1117.008 1126
792.996 797.002 790.008 799 819.994 834.997 850.997 869.996 893.993 920.989 945.99 975.989 998.995 1036.987 1080.982 1126.979 1159.986 1152.009 1120.027 1113.019 1101.025 1101.019 1142.992 1175.997 1208.998 1250.993 1291.991 1274.017 1228.03 1174.032 1114.036 1089.022 1076.017 1085.011 1111.011 1141.016 1172.998 1149.016 1117.016 1096.007 1067.01 1026.015 990.013 950.016 913.019 881.021 863.014 846.013 826.014 831.999 877.979 931.976 992.973 1040.98 1061.997 1056.015 1064.01 1087.998 1085.012 1073.016 1071.012 1074.012 1093.005 1118.001 1139.002 1150.001 1141.012 1143.007
802.992 812.999 808.007 814.001 830.995 849.996 866.998 884.999 907.997 924.001 948.995 984.988 1019.99 1048.994 1083.988 1124.983 1161.986 1174 1170.011 1175.013 1177.017 1173.015 1184.005 1218.995 1256.996 1295.996 1326.997 1309.016 1266.023 1206.032 1150.036 1132.02 1121.017 1143.008 1196.993 1251.983 1217.018 1170.02 1124.02 1087.016 1057.013 1016.02 978.02 943.021 923.014 907.013 885.014 866.011 845.015 839.008 875.982 930.974 989.971 1042.972 1084.979 1102.993 1113.999 1120.003 1125.006 1116.015 1113.014 1125.008 1145.005 1164.005 1183.002 1174.011 1172.008 1173.01
805.99 825.993 828.003 827.005 840.999 864.995 888.997 911.997 935.996 953.999 973 999.996 1040.99 1075.993 1095.999 1126.995 1168.99 1191.998 1206.002 1232.995 1244.004 1223.02 1222.015 1259 1303.995 1346.994 1369 1341.017 1283.031 1229.034 1194.024 1178.011 1168.022 1209.998 1260.991 1277.001 1226.029 1169.031 1125.026 1085.027 1057.02 1024.019 992.016 966.013 942.013 930.003 902.01 875.015 867.011 858.01 867.997 923.973 975.976 1025.974 1074.97 1105.975 1127.981 1139.991 1155.994 1157.007 1163.008 1177.005 1198.001 1216.002 1222.004 1201.017 1199.009 1213.004
805.999 832.992 842.001 845.002 859.997 885.994 918.992 938.999 958.998 981.999 1004.001 1029.002 1072.988 1107.993 1124.003 1159.992 1201.99 1221.004 1236.007 1260.001 1278.003 1264.02 1277.006 1318.992 1360.994 1395.999 1404.004 1361.026 1307.034 1268.03 1228.031 1192.044 1233.995 1272.993 1312.995 1307.023 1250.027 1191.035 1152.025 1120.019 1087.016 1042.022 1000.022 971.017 950.01 922.012 895.014 886.011 894.004 880.013 873.005 914.978 969.971 1011.974 1041.978 1061.981 1092.976 1125.977 1158.978 1185.982 1201.993 1218 1238 1255 1246.013 1231.016 1231.009 1250.004
829.003 847.999 860.001 858.006 873.995 906.988 944.986 969.995 984.003 1014.994 1042.997 1076.995 1101 1137.994 1161.003 1190.001 1231.993 1266.998 1286.006 1305.004 1320.007 1316.018 1323.015 1356.998 1406.986 1451.988 1433.019 1388.035 1347.03 1316.026 1281.031 1302.006 1283.019 1312.001 1361.987 1385.978 1258.064 1228.009 1181.019 1140.016 1094.02 1050.022 1015.017 986.011 955.011 923.016 904.016 912.006 924.001 906.011 881.016 899.991 948.973 980.979 1005.982 1022.987 1052.98 1091.974 1130.971 1161.977 1199.977 1244.977 1269.991 1282 1280.008 1268.015 1267.009 1296.995
862.005 875.008 885.009 877.013 883.002 916.987 955.982 990.984 1017.991 1041.996 1076.993 1112.996 1139.003 1175.998 1211.998 1242.002 1275 1317.994 1340.005 1352.009 1372.005 1379.014 1391.014 1407.012 1437 1479.988 1474.014 1447.033 1393.058 1363.026 1341.029 1360.997 1324.032 1365.997 1394.991 1343.029 1290.026 1213.028 1175.008 1132.013 1094.012 1061.01 1022.012 979.018 945.017 929.016 933.008 947 948.004 917.018 902.013 896.009 925.985 953.984 979.984 999.987 1027.983 1055.982 1083.984 1126.981 1175.981 1230.974 1275.978 1303.988 1308.002 1304.009 1301.011 1326.996
909.009 929.007 937.008 913.018 899.012 922.992 952.988 989.984 1029.984 1064.992 1108.995 1155.999 1195.003 1229.001 1265.003 1299.006 1332.004 1366.999 1396.998 1407.01 1426.011 1444.011 1465.008 1479.009 1485.011 1504.001 1516.007 1527.01 1525.006 1413.068 1416.013 1382.025 1384.02 1423.999 1409.015 1367.022 1302.013 1190.049 1142.023 1110.013 1075.015 1046.01 1003.021 975.02 954.019 964.006 969.009 971.004 964.005 935.017 927.008 920.009 918.004 939.989 962.987 983.989 1008.988 1033.988 1067.985 1126.971 1183.971 1223.979 1267.976 1304.977 1320.989 1329.998 1337.002 1354
965.013 989.004 981.013 941.023 923.013 932.999 958.992 990.991 1036.984 1091.98 1164.964 1228.983 1269.999 1288.011 1334.992 1376.996 1401.007 1421.005 1438.001 1462.993 1498.989 1517 1530.008 1537.012 1536.014 1540.01 1563.001 1583.996 1543.021 1487.037 1469.021 1420.037 1464.995 1486.997 1442.026 1383.014 1245.068 1190.034 1150.027 1105.029 1072.02 1035.022 1012.019 1003.015 991.013 1003.003 1012.004 991.017 973.013 950.013 945.006 943.007 930.011 936 950.994 976.984 1003.982 1030.982 1067.977 1113.973 1166.966 1211.97 1247.974 1279.977 1306.98 1336.981 1356.99 1381.986
1034.01 1044.007 1019.018 964.029 942.013 947.002 971.99 1008.984 1053.98 1105.974 1150.982 1271.94 1333.972 1360.996 1382.004 1430.992 1467.997 1474.009 1470.011 1478.001 1514.983 1547.983 1581.984 1594 1586.016 1586.013 1604.004 1605.005 1553.031 1535.016 1521.008 1481.039 1520.999 1511.015 1467.001 1337.062 1273.036 1229.028 1186.026 1140.023 1094.023 1059.021 1048.015 1046.008 1020.027 1036.008 1043.003 1022.009 994.009 962.018 960.011 965.007 950.017 946.009 953.001 958.999 979.989 1007.985 1040.983 1086.974 1126.979 1170.974 1207.975 1243.975 1275.979 1315.974 1349.976 1371.982
1101.003 1088.005 1046.014 982.026 955.015 962.003 975.998 1007.987 1051.979 1094.98 1156.97 1242.954 1331.95 1388.976 1433.985 1480.983 1516.988 1519.006 1504.014 1497.013 1510 1537.99 1577.982 1613.984 1632.996 1637.01 1650.007 1626.021 1586.028 1568.02 1529.041 1564.005 1583.014 1550.025 1399.068 1357.023 1304.029 1263.024 1215.025 1150.032 1106.029 1081.028 1087.014 1075.026 1079.015 1092.003 1066.01 1022.018 982.022 976.014 997.002 1000.011 989.016 973.018 967.01 967.006 973.001 995.99 1031.982 1063.986 1113.977 1145.988 1174.99 1207.984 1246.979 1283.978 1315.981 1338.988
1129.011 1085.013 1030.019 976.028 968.01 985.002 993.006 1011.996 1046.985 1089.982 1146.974 1210.977 1288.966 1391.944 1452.964 1495.974 1530.983 1544.998 1534.016 1535.012 1532.013 1547 1574.993 1612.985 1649.985 1682.99 1698.003 1667.027 1628.031 1615.018 1621.006 1642.006 1667.009 1589.043 1408.115 1375.022 1326.027 1285.014 1230.022 1166.032 1143.021 1145.016 1152.017 1155.017 1142.017 1124.009 1062.027 1019.017 1001.015 1018.005 1041.001 1046.009 1033.017 1017.019 997.018 990.009 986.006 995.997 1024.986 1063.98 1107.978 1152.976 1183.986 1201.998 1229.993 1261.992 1294.992 1329.99
1115.017 1061.02 1012.023 992.013 994.006 1021.999 1029.01 1028.012 1048.998 1091.981 1143.975 1228.957 1287.969 1350.965 1415.967 1469.975 1525.977 1561.989 1577.003 1582.014 1575.016 1574.01 1593.999 1618.996 1653.992 1698.986 1734.991 1717.02 1683.028 1661.022 1655.015 1700.989 1742.97 1623.057 1547.038 1405.067 1347.028 1270.041 1222.029 1181.031 1186.013 1210.001 1227.006 1224.01 1187.018 1130.024 1062.031 1014.025 1029.002 1063.998 1085.008 1088.011 1075.017 1062.014 1033.017 1011.013 1003.01 1003.004 1020.993 1053.983 1095.979 1136.98 1182.977 1225.976 1250.986 1284.991 1319.993 1349.992
1098.017 1046.024 1019.019 1009.015 1022.003 1062.99 1081.004 1072.02 1075.011 1091.003 1133.984 1205.961 1265.964 1322.964 1396.947 1462.965 1532.975 1578.983 1611.992 1642.993 1625.015 1611.015 1623.002 1645.998 1680.995 1721.991 1758.991 1765.007 1734.025 1708.025 1704.012 1734.987 1697.008 1639.018 1566.018 1425.07 1357.041 1299.041 1252.037 1231.034 1245.014 1254.016 1276.998 1259.007 1196.02 1125.026 1069.021 1031.026 1060.005 1115.004 1150.998 1135.015 1117.013 1093.009 1049.018 1026.016 1029.008 1019.012 1024.003 1044.992 1083.981 1129.976 1171.976 1205.98 1240.986 1305.97 1349.974 1369.982
1078.026 1052.021 1048.015 1051.012 1054.009 1090.993 1125.997 1134.013 1124.021 1130.014 1145.009 1175.996 1229.975 1278.979 1318.987 1437.95 1553.941 1590.977 1636.975 1667.988 1654.017 1644.014 1649.005 1677.996 1719.992 1756.997 1784.999 1800.004 1779.024 1761.024 1744.018 1737.004 1666.034 1613.029 1515.06 1457.043 1399.044 1360.036 1317.044 1325.014 1323.016 1329.001 1308.003 1254.011 1169.031 1106.026 1056.028 1067.01 1128.992 1221.967 1205.01 1165.02 1138.01 1089.02 1046.025 1048.01 1064.002 1049.017 1042.012 1050.001 1077.987 1113.98 1151.981 1185.986 1246.971 1300.966 1322.975 1334.981
